SECCIÃ“ CENSAL,total,homes,dones,Totals > 60 anys,> 60 anys Homes,> 60 anys Dones,> 60 anys_perc total,> 60 anys_perc_Homes,> 60 anys_perc_Dones
801901001,1314,733,581,241,121,120,"18,3","16,5","20,7"
801901002,1486,795,691,268,108,160,18,"13,6","23,2"
801901003,3521,1884,1637,526,243,283,"14,9","12,9","17,3"
801901004,2807,1540,1267,385,179,206,"13,7","11,6","16,3"
801901005,2425,1335,1090,418,189,229,"17,2","14,2",21
801901006,1571,873,698,251,106,145,16,"12,1","20,8"
801901007,1950,1171,779,204,99,105,"10,5","8,5","13,5"
801901008,3286,1991,1295,518,287,231,"15,8","14,4","17,8"
801901009,2248,1259,989,324,138,186,"14,4",11,"18,8"
801901010,2415,1348,1067,274,127,147,"11,3","9,4","13,8"
801901011,3162,1801,1361,376,182,194,"11,9","10,1","14,3"
801901012,1905,963,942,315,127,188,"16,5","13,2",20
801901013,1434,698,736,306,116,190,"21,3","16,6","25,8"
801901014,2049,1128,921,319,141,178,"15,6","12,5","19,3"
801901015,2358,1229,1129,349,140,209,"14,8","11,4","18,5"
801901016,2222,1147,1075,311,122,189,14,"10,6","17,6"
801901017,2553,1241,1312,364,149,215,"14,3",12,"16,4"
801901018,1569,806,763,276,105,171,"17,6",13,"22,4"
801901019,2938,1577,1361,415,174,241,"14,1",11,"17,7"
801901020,2073,982,1091,461,180,281,"22,2","18,3","25,8"
801901021,2067,1044,1023,402,168,234,"19,4","16,1","22,9"
801901022,1255,604,651,271,122,149,"21,6","20,2","22,9"
801901023,2089,1030,1059,402,161,241,"19,2","15,6","22,8"
801901025,1255,644,611,206,95,111,"16,4","14,8","18,2"
801901026,5228,3801,1427,523,302,221,10,"7,9","15,5"
801901027,1598,775,823,287,125,162,18,"16,1","19,7"
801901028,1862,908,954,302,129,173,"16,2","14,2","18,1"
801901029,1387,682,705,209,90,119,"15,1","13,2","16,9"
801901030,2416,1224,1192,494,220,274,"20,4",18,23
801901031,1539,830,709,239,114,125,"15,5","13,7","17,6"
801901032,1798,921,877,379,152,227,"21,1","16,5","25,9"
801901033,1145,604,541,215,92,123,"18,8","15,2","22,7"
801901034,932,453,479,195,74,121,"20,9","16,3","25,3"
801901035,1291,665,626,262,111,151,"20,3","16,7","24,1"
801901036,1180,543,637,309,117,192,"26,2","21,5","30,1"
801901037,1402,666,736,355,151,204,"25,3","22,7","27,7"
801901038,1459,808,651,255,108,147,"17,5","13,4","22,6"
801901039,1296,653,643,292,115,177,"22,5","17,6","27,5"
801901040,1076,529,547,245,89,156,"22,8","16,8","28,5"
801901041,1495,772,723,208,87,121,"13,9","11,3","16,7"
801901042,1783,819,964,579,220,359,"32,5","26,9","37,2"
801901043,1625,825,800,280,128,152,"17,2","15,5",19
801901044,1395,660,735,256,110,146,"18,4","16,7","19,9"
801901045,1919,949,970,338,134,204,"17,6","14,1",21
801901046,1782,905,877,290,135,155,"16,3","14,9","17,7"
801901047,1697,834,863,317,120,197,"18,7","14,4","22,8"
801901048,2049,998,1051,338,146,192,"16,5","14,6","18,3"
801901049,1548,732,816,280,102,178,"18,1","13,9","21,8"
801901050,1549,775,774,278,129,149,"17,9","16,6","19,3"
801901051,1789,906,883,241,113,128,"13,5","12,5","14,5"
801901052,2803,1585,1218,435,187,248,"15,5","11,8","20,4"
801901053,1805,858,947,419,168,251,"23,2","19,6","26,5"
801901054,1286,652,634,234,100,134,"18,2","15,3","21,1"
801901055,1343,648,695,404,176,228,"30,1","27,2","32,8"
801902001,1297,629,668,295,118,177,"22,7","18,8","26,5"
801902002,2790,1463,1327,638,285,353,"22,9","19,5","26,6"
801902003,1215,530,685,403,148,255,"33,2","27,9","37,2"
801902004,1473,723,750,379,161,218,"25,7","22,3","29,1"
801902005,2028,923,1105,666,266,400,"32,8","28,8","36,2"
801902006,1670,805,865,482,198,284,"28,9","24,6","32,8"
801902007,1296,562,734,424,159,265,"32,7","28,3","36,1"
801902008,1932,885,1047,527,208,319,"27,3","23,5","30,5"
801902009,1776,829,947,475,204,271,"26,7","24,6","28,6"
801902010,1181,547,634,345,142,203,"29,2",26,32
801902011,1095,545,550,346,158,188,"31,6",29,"34,2"
801902012,1519,732,787,425,187,238,28,"25,5","30,2"
801902013,1145,561,584,246,98,148,"21,5","17,5","25,3"
801902014,1353,662,691,256,93,163,"18,9",14,"23,6"
801902015,1543,745,798,418,164,254,"27,1",22,"31,8"
801902016,1873,844,1029,544,215,329,29,"25,5",32
801902017,1964,901,1063,488,185,303,"24,8","20,5","28,5"
801902018,1844,869,975,593,249,344,"32,2","28,7","35,3"
801902019,1916,903,1013,542,232,310,"28,3","25,7","30,6"
801902020,1439,671,768,330,123,207,"22,9","18,3",27
801902021,1504,687,817,430,169,261,"28,6","24,6","31,9"
801902022,1279,616,663,347,152,195,"27,1","24,7","29,4"
801902023,1086,499,587,348,137,211,32,"27,5","35,9"
801902024,1124,501,623,290,115,175,"25,8",23,"28,1"
801902025,1150,548,602,329,121,208,"28,6","22,1","34,6"
801902026,2141,979,1162,594,237,357,"27,7","24,2","30,7"
801902027,1981,900,1081,618,237,381,"31,2","26,3","35,2"
801902028,2088,969,1119,568,246,322,"27,2","25,4","28,8"
801902029,1290,594,696,374,146,228,29,"24,6","32,8"
801902030,1325,623,702,309,128,181,"23,3","20,5","25,8"
801902031,1069,485,584,350,149,201,"32,7","30,7","34,4"
801902032,1195,515,680,428,150,278,"35,8","29,1","40,9"
801902033,1176,528,648,316,121,195,"26,9","22,9","30,1"
801902034,1238,549,689,341,123,218,"27,5","22,4","31,6"
801902035,1311,596,715,428,161,267,"32,6",27,"37,3"
801902036,1216,545,671,368,146,222,"30,3","26,8","33,1"
801902037,1211,576,635,368,156,212,"30,4","27,1","33,4"
801902038,1566,754,812,390,164,226,"24,9","21,8","27,8"
801902039,1713,755,958,452,171,281,"26,4","22,6","29,3"
801902040,1624,766,858,397,153,244,"24,4",20,"28,4"
801902041,1647,745,902,556,206,350,"33,8","27,7","38,8"
801902042,1610,736,874,618,258,360,"38,4","35,1","41,2"
801902043,1422,659,763,422,182,240,"29,7","27,6","31,5"
801902044,1231,545,686,398,149,249,"32,3","27,3","36,3"
801902045,1149,532,617,372,156,216,"32,4","29,3",35
801902046,1884,872,1012,493,176,317,"26,2","20,2","31,3"
801902047,1935,898,1037,580,219,361,30,"24,4","34,8"
801902048,1278,563,715,318,124,194,"24,9",22,"27,1"
801902049,2096,956,1140,585,235,350,"27,9","24,6","30,7"
801902050,1592,719,873,415,161,254,"26,1","22,4","29,1"
801902051,1848,877,971,498,196,302,"26,9","22,3","31,1"
801902052,1800,831,969,445,180,265,"24,7","21,7","27,3"
801902053,1777,808,969,450,178,272,"25,3",22,"28,1"
801902054,1829,837,992,540,202,338,"29,5","24,1","34,1"
801902055,1817,856,961,526,207,319,"28,9","24,2","33,2"
801902056,1457,639,818,380,127,253,"26,1","19,9","30,9"
801902057,1291,589,702,389,156,233,"30,1","26,5","33,2"
801902058,1375,631,744,435,172,263,"31,6","27,3","35,3"
801902059,1656,722,934,484,190,294,"29,2","26,3","31,5"
801902060,1736,773,963,494,188,306,"28,5","24,3","31,8"
801902061,1349,603,746,329,123,206,"24,4","20,4","27,6"
801902062,1509,718,791,372,148,224,"24,7","20,6","28,3"
801902063,1220,490,730,464,115,349,38,"23,5","47,8"
801902064,1313,614,699,396,163,233,"30,2","26,5","33,3"
801902065,1891,900,991,421,184,237,"22,3","20,4","23,9"
801902066,1801,848,953,580,240,340,"32,2","28,3","35,7"
801902067,1675,783,892,354,142,212,"21,1","18,1","23,8"
801902068,1640,766,874,448,191,257,"27,3","24,9","29,4"
801902069,1372,649,723,391,166,225,"28,5","25,6","31,1"
801902070,1275,587,688,331,126,205,26,"21,5","29,8"
801902071,1686,811,875,423,188,235,"25,1","23,2","26,9"
801902072,1196,586,610,354,152,202,"29,6","25,9","33,1"
801902073,1671,774,897,405,157,248,"24,2","20,3","27,6"
801902074,1229,605,624,288,128,160,"23,4","21,2","25,6"
801902075,1275,614,661,311,125,186,"24,4","20,4","28,1"
801902076,1636,782,854,405,173,232,"24,8","22,1","27,2"
801902077,1570,800,770,388,191,197,"24,7","23,9","25,6"
801902078,1361,617,744,383,149,234,"28,1","24,1","31,5"
801902079,1296,628,668,363,151,212,28,24,"31,7"
801902080,1481,723,758,443,182,261,"29,9","25,2","34,4"
801902081,2046,938,1108,625,236,389,"30,5","25,2","35,1"
801902082,885,408,477,278,101,177,"31,4","24,8","37,1"
801902083,1806,824,982,495,191,304,"27,4","23,2",31
801902084,2069,920,1149,523,197,326,"25,3","21,4","28,4"
801902085,1429,651,778,368,148,220,"25,8","22,7","28,3"
801902086,1424,648,776,318,126,192,"22,3","19,4","24,7"
801902087,1455,654,801,383,153,230,"26,3","23,4","28,7"
801902088,1638,768,870,452,189,263,"27,6","24,6","30,2"
801902089,1885,888,997,453,185,268,24,"20,8","26,9"
801902090,1663,783,880,431,164,267,"25,9","20,9","30,3"
801902091,1859,921,938,423,178,245,"22,8","19,3","26,1"
801902092,2329,1322,1007,436,176,260,"18,7","13,3","25,8"
801902093,1615,761,854,449,188,261,"27,8","24,7","30,6"
801902094,1493,703,790,443,189,254,"29,7","26,9","32,2"
801902095,1508,725,783,402,159,243,"26,7","21,9",31
801902096,1400,665,735,399,153,246,"28,5",23,"33,5"
801902097,1088,520,568,263,106,157,"24,2","20,4","27,6"
801902098,1501,660,841,381,135,246,"25,4","20,5","29,3"
801902099,1573,729,844,372,141,231,"23,6","19,3","27,4"
801902100,1340,621,719,416,176,240,31,"28,3","33,4"
801902101,2189,1016,1173,642,257,385,"29,3","25,3","32,8"
801902102,1358,600,758,423,166,257,"31,1","27,7","33,9"
801902103,1620,758,862,423,170,253,"26,1","22,4","29,4"
801902104,1144,524,620,376,152,224,"32,9",29,"36,1"
801902105,2109,932,1177,534,197,337,"25,3","21,1","28,6"
801902106,1418,654,764,393,159,234,"27,7","24,3","30,6"
801902107,1624,733,891,514,202,312,"31,7","27,6",35
801902108,1612,713,899,542,206,336,"33,6","28,9","37,4"
801902109,2050,930,1120,665,261,404,"32,4","28,1","36,1"
801902110,1916,897,1019,471,192,279,"24,6","21,4","27,4"
801902111,1879,859,1020,494,195,299,"26,3","22,7","29,3"
801902112,1324,612,712,477,199,278,36,"32,5",39
801902113,2231,1038,1193,710,294,416,"31,8","28,3","34,9"
801902114,1678,745,933,569,216,353,"33,9",29,"37,8"
801902115,1339,603,736,381,136,245,"28,5","22,6","33,3"
801902116,1024,467,557,321,132,189,"31,3","28,3","33,9"
801902117,1176,523,653,424,169,255,"36,1","32,3","39,1"
801902118,1473,671,802,381,158,223,"25,9","23,5","27,8"
801902119,1253,587,666,423,178,245,"33,8","30,3","36,8"
801902120,1174,570,604,385,157,228,"32,8","27,5","37,7"
801902121,1247,578,669,378,149,229,"30,3","25,8","34,2"
801902122,1067,484,583,378,161,217,"35,4","33,3","37,2"
801902123,1154,571,583,318,139,179,"27,6","24,3","30,7"
801902124,1069,483,586,384,158,226,"35,9","32,7","38,6"
801902125,1711,760,951,584,226,358,"34,1","29,7","37,6"
801902126,1426,655,771,497,200,297,"34,9","30,5","38,5"
801902127,1143,536,607,299,109,190,"26,2","20,3","31,3"
801902128,1303,586,717,360,146,214,"27,6","24,9","29,8"
801902129,1539,702,837,504,206,298,"32,7","29,3","35,6"
801902130,1158,553,605,438,197,241,"37,8","35,6","39,8"
801902131,1168,537,631,357,150,207,"30,6","27,9","32,8"
801902132,1147,553,594,366,154,212,"31,9","27,8","35,7"
801902133,839,379,460,359,152,207,"42,8","40,1",45
801902134,1463,679,784,493,208,285,"33,7","30,6","36,4"
801902135,2177,1006,1171,516,198,318,"23,7","19,7","27,2"
801902136,914,415,499,292,111,181,"31,9","26,7","36,3"
801902137,1454,687,767,361,153,208,"24,8","22,3","27,1"
801902138,1942,905,1037,616,255,361,"31,7","28,2","34,8"
801902139,1635,759,876,411,153,258,"25,1","20,2","29,5"
801902140,1910,881,1029,538,207,331,"28,2","23,5","32,2"
801902141,1254,581,673,359,150,209,"28,6","25,8","31,1"
801902142,1988,939,1049,488,192,296,"24,5","20,4","28,2"
801902143,1351,683,668,359,160,199,"26,6","23,4","29,8"
801902144,1556,739,817,393,158,235,"25,3","21,4","28,8"
801902145,1259,621,638,319,136,183,"25,3","21,9","28,7"
801902146,1174,541,633,342,131,211,"29,1","24,2","33,3"
801902147,2156,1001,1155,599,229,370,"27,8","22,9",32
801902148,1565,717,848,466,181,285,"29,8","25,2","33,6"
801902149,1796,839,957,431,164,267,24,"19,5","27,9"
801902150,1502,723,779,401,163,238,"26,7","22,5","30,6"
801902151,1499,716,783,369,144,225,"24,6","20,1","28,7"
801902152,1248,567,681,484,203,281,"38,8","35,8","41,3"
801902153,1300,606,694,454,183,271,"34,9","30,2",39
801902154,1057,509,548,272,112,160,"25,7",22,"29,2"
801902155,1841,850,991,569,231,338,"30,9","27,2","34,1"
801902156,1261,604,657,467,184,283,37,"30,5","43,1"
801902157,1246,575,671,368,149,219,"29,5","25,9","32,6"
801902158,1654,779,875,534,222,312,"32,3","28,5","35,7"
801902159,1915,928,987,493,190,303,"25,7","20,5","30,7"
801902160,1974,954,1020,572,223,349,29,"23,4","34,2"
801902161,1143,542,601,290,119,171,"25,4",22,"28,5"
801902162,1416,676,740,411,153,258,29,"22,6","34,9"
801902163,1814,855,959,500,189,311,"27,6","22,1","32,4"
801902164,1487,700,787,339,137,202,"22,8","19,6","25,7"
801902165,1684,802,882,442,171,271,"26,2","21,3","30,7"
801902166,2109,1002,1107,512,193,319,"24,3","19,3","28,8"
801902167,2126,1015,1111,645,270,375,"30,3","26,6","33,8"
801902168,2222,1056,1166,562,227,335,"25,3","21,5","28,7"
801902169,1552,764,788,373,141,232,24,"18,5","29,4"
801902170,1520,721,799,442,176,266,"29,1","24,4","33,3"
801902171,1643,780,863,473,194,279,"28,8","24,9","32,3"
801902172,1520,731,789,344,132,212,"22,6","18,1","26,9"
801902173,1503,704,799,398,154,244,"26,5","21,9","30,5"
801903001,1705,790,915,510,221,289,"29,9",28,"31,6"
801903002,1903,921,982,438,169,269,23,"18,3","27,4"
801903003,1696,811,885,344,129,215,"20,3","15,9","24,3"
801903004,1632,778,854,426,181,245,"26,1","23,3","28,7"
801903005,1241,606,635,343,137,206,"27,6","22,6","32,4"
801903006,1436,738,698,259,113,146,18,"15,3","20,9"
801903007,1719,836,883,376,162,214,"21,9","19,4","24,2"
801903008,1181,557,624,279,119,160,"23,6","21,4","25,6"
801903009,1218,579,639,330,126,204,"27,1","21,8","31,9"
801903010,1917,995,922,333,140,193,"17,4","14,1","20,9"
801903011,1813,908,905,307,129,178,"16,9","14,2","19,7"
801903012,2171,1053,1118,427,172,255,"19,7","16,3","22,8"
801903013,1803,919,884,287,128,159,"15,9","13,9",18
801903014,1792,912,880,316,132,184,"17,6","14,5","20,9"
801903015,2928,1434,1494,567,247,320,"19,4","17,2","21,4"
801903016,1190,570,620,228,89,139,"19,2","15,6","22,4"
801903017,1643,840,803,279,118,161,17,14,20
801903018,1734,880,854,418,188,230,"24,1","21,4","26,9"
801903019,1519,711,808,307,129,178,"20,2","18,1",22
801903020,1182,609,573,411,187,224,"34,8","30,7","39,1"
801903021,1106,520,586,410,158,252,"37,1","30,4",43
801903022,1478,730,748,360,145,215,"24,4","19,9","28,7"
801903023,1915,926,989,357,154,203,"18,6","16,6","20,5"
801903024,2073,1028,1045,348,159,189,"16,8","15,5","18,1"
801903025,1196,622,574,295,133,162,"24,7","21,4","28,2"
801903026,983,472,511,411,178,233,"41,8","37,7","45,6"
801903027,1761,835,926,464,199,265,"26,3","23,8","28,6"
801903028,2652,1266,1386,419,185,234,"15,8","14,6","16,9"
801903029,1308,625,683,350,143,207,"26,8","22,9","30,3"
801903030,1584,737,847,455,181,274,"28,7","24,6","32,3"
801903031,2468,1178,1290,768,344,424,"31,1","29,2","32,9"
801903032,1653,802,851,392,175,217,"23,7","21,8","25,5"
801903033,1437,725,712,357,137,220,"24,8","18,9","30,9"
801903034,1537,745,792,400,189,211,26,"25,4","26,6"
801903035,2281,1084,1197,727,323,404,"31,9","29,8","33,8"
801903036,2338,1105,1233,578,248,330,"24,7","22,4","26,8"
801903037,1079,514,565,238,113,125,"22,1",22,"22,1"
801903038,995,466,529,260,114,146,"26,1","24,5","27,6"
801903039,2531,1230,1301,560,241,319,"22,1","19,6","24,5"
801903040,1508,707,801,556,229,327,"36,9","32,4","40,8"
801903041,1394,650,744,381,145,236,"27,3","22,3","31,7"
801903042,1363,656,707,333,130,203,"24,4","19,8","28,7"
801903043,1647,755,892,531,191,340,"32,2","25,3","38,1"
801903044,1905,925,980,437,171,266,"22,9","18,5","27,1"
801903045,1048,512,536,254,101,153,"24,2","19,7","28,5"
801903046,1400,641,759,504,216,288,36,"33,7","37,9"
801903047,1798,857,941,421,164,257,"23,4","19,1","27,3"
801903048,1327,636,691,447,207,240,"33,7","32,5","34,7"
801903049,1646,777,869,466,189,277,"28,3","24,3","31,9"
801903050,1639,784,855,394,170,224,24,"21,7","26,2"
801903051,1937,972,965,334,143,191,"17,2","14,7","19,8"
801903052,1291,617,674,265,104,161,"20,5","16,9","23,9"
801903053,2149,1023,1126,464,177,287,"21,6","17,3","25,5"
801903054,1751,852,899,540,230,310,"30,8",27,"34,5"
801903055,1592,782,810,461,213,248,29,"27,2","30,6"
801903056,884,403,481,286,111,175,"32,4","27,5","36,4"
801903057,1506,700,806,496,201,295,"32,9","28,7","36,6"
801903058,1583,704,879,447,165,282,"28,2","23,4","32,1"
801903059,1242,596,646,364,151,213,"29,3","25,3",33
801903060,1401,701,700,440,195,245,"31,4","27,8",35
801903061,1144,560,584,359,129,230,"31,4",23,"39,4"
801903062,1596,743,853,451,176,275,"28,3","23,7","32,2"
801903063,1831,874,957,345,143,202,"18,8","16,4","21,1"
801903064,1269,593,676,351,148,203,"27,7",25,30
801903065,1374,658,716,426,195,231,31,"29,6","32,3"
801903066,2297,1091,1206,609,265,344,"26,5","24,3","28,5"
801903067,1747,832,915,564,240,324,"32,3","28,8","35,4"
801903068,1158,546,612,405,167,238,35,"30,6","38,9"
801903069,1198,584,614,387,171,216,"32,3","29,3","35,2"
801903070,1273,613,660,389,164,225,"30,6","26,8","34,1"
801903071,1281,609,672,333,133,200,26,"21,8","29,8"
801903072,1370,638,732,386,155,231,"28,2","24,3","31,6"
801903073,1603,767,836,482,204,278,"30,1","26,6","33,3"
801903074,1790,848,942,515,215,300,"28,8","25,4","31,8"
801903075,1711,814,897,460,189,271,"26,9","23,2","30,2"
801903076,1052,481,571,342,145,197,"32,5","30,1","34,5"
801903077,1300,589,711,396,163,233,"30,5","27,7","32,8"
801903078,1699,806,893,411,181,230,"24,2","22,5","25,8"
801903079,1809,866,943,426,170,256,"23,5","19,6","27,1"
801903080,1572,702,870,495,206,289,"31,5","29,3","33,2"
801903081,1792,825,967,577,236,341,"32,2","28,6","35,3"
801903082,1924,896,1028,536,230,306,"27,9","25,7","29,8"
801903083,1382,637,745,428,171,257,31,"26,8","34,5"
801903084,1443,658,785,503,205,298,"34,9","31,2",38
801903085,1311,610,701,363,158,205,"27,7","25,9","29,2"
801903086,1211,582,629,479,214,265,"39,6","36,8","42,1"
801903087,1457,666,791,485,184,301,"33,3","27,6","38,1"
801903088,1344,622,722,447,188,259,"33,3","30,2","35,9"
801903089,1264,579,685,442,187,255,35,"32,3","37,2"
801903090,1026,477,549,306,138,168,"29,8","28,9","30,6"
801903091,1466,705,761,350,157,193,"23,9","22,3","25,4"
801903092,1222,586,636,317,136,181,"25,9","23,2","28,5"
801903093,1506,705,801,452,182,270,30,"25,8","33,7"
801903094,1175,542,633,365,139,226,"31,1","25,6","35,7"
801903095,1622,754,868,440,162,278,"27,1","21,5",32
801903096,1563,743,820,332,139,193,"21,2","18,7","23,5"
801903097,1622,774,848,300,116,184,"18,5",15,"21,7"
801903098,1381,648,733,310,129,181,"22,4","19,9","24,7"
801903099,974,456,518,212,85,127,"21,8","18,6","24,5"
801903100,1281,581,700,349,147,202,"27,2","25,3","28,9"
801903101,3002,1671,1331,498,217,281,"16,6",13,"21,1"
801903102,1351,647,704,348,135,213,"25,8","20,9","30,3"
801903103,1186,548,638,461,191,270,"38,9","34,9","42,3"
801903104,1414,662,752,339,142,197,24,"21,5","26,2"
801903105,1142,510,632,278,103,175,"24,3","20,2","27,7"
801903106,1257,578,679,254,89,165,"20,2","15,4","24,3"
801903107,1592,792,800,439,206,233,"27,6",26,"29,1"
801903108,1594,757,837,376,136,240,"23,6",18,"28,7"
801903109,1534,716,818,358,148,210,"23,3","20,7","25,7"
801903110,1516,708,808,414,169,245,"27,3","23,9","30,3"
801903111,1288,598,690,322,128,194,25,"21,4","28,1"
801903112,1891,875,1016,561,247,314,"29,7","28,2","30,9"
801903113,1646,781,865,541,220,321,"32,9","28,2","37,1"
801903114,1478,679,799,489,199,290,"33,1","29,3","36,3"
801903211,1515,747,768,323,166,157,"21,3","22,2","20,4"
801903212,2432,1151,1281,790,328,462,"32,5","28,5","36,1"
801903213,2404,1154,1250,513,216,297,"21,3","18,7","23,8"
801904001,1282,605,677,352,142,210,"27,5","23,5",31
801904002,1967,922,1045,616,269,347,"31,3","29,2","33,2"
801904003,1076,527,549,362,165,197,"33,6","31,3","35,9"
801904004,993,457,536,324,135,189,"32,6","29,5","35,3"
801904005,1209,556,653,413,181,232,"34,2","32,6","35,5"
801904006,1144,519,625,385,150,235,"33,7","28,9","37,6"
801904007,1062,475,587,378,146,232,"35,6","30,7","39,5"
801904008,1021,476,545,304,119,185,"29,8",25,"33,9"
801904009,1444,657,787,427,178,249,"29,6","27,1","31,6"
801904010,902,412,490,283,114,169,"31,4","27,7","34,5"
801904011,1751,835,916,644,282,362,"36,8","33,8","39,5"
801904012,1433,660,773,520,224,296,"36,3","33,9","38,3"
801904013,1264,584,680,416,169,247,"32,9","28,9","36,3"
801904014,853,396,457,301,113,188,"35,3","28,5","41,1"
801904015,1895,846,1049,612,253,359,"32,3","29,9","34,2"
801904016,1078,494,584,374,155,219,"34,7","31,4","37,5"
801904017,1202,555,647,425,176,249,"35,4","31,7","38,5"
801904018,1552,699,853,508,203,305,"32,7",29,"35,8"
801904019,1343,624,719,428,177,251,"31,9","28,4","34,9"
801904020,1437,675,762,439,174,265,"30,5","25,8","34,8"
801904021,1306,599,707,401,159,242,"30,7","26,5","34,2"
801904022,1591,768,823,491,228,263,"30,9","29,7",32
801904023,1059,499,560,351,154,197,"33,1","30,9","35,2"
801904024,1058,489,569,360,169,191,34,"34,6","33,6"
801904025,1159,533,626,313,134,179,27,"25,1","28,6"
801904026,1218,545,673,416,169,247,"34,2",31,"36,7"
801904027,1308,602,706,352,133,219,"26,9","22,1",31
801904028,1316,605,711,469,205,264,"35,6","33,9","37,1"
801904029,1172,546,626,434,187,247,37,"34,2","39,5"
801904030,1815,825,990,673,283,390,"37,1","34,3","39,4"
801904031,1813,894,919,501,213,288,"27,6","23,8","31,3"
801904032,1533,679,854,505,203,302,"32,9","29,9","35,4"
801904033,1146,531,615,378,159,219,33,"29,9","35,6"
801904034,1480,717,763,591,260,331,"39,9","36,3","43,4"
801904035,1392,639,753,497,197,300,"35,7","30,8","39,8"
801904036,1708,778,930,540,210,330,"31,6",27,"35,5"
801904037,2136,961,1175,732,310,422,"34,3","32,3","35,9"
801904038,1281,595,686,464,199,265,"36,2","33,4","38,6"
801904039,1200,562,638,325,136,189,"27,1","24,2","29,6"
801904040,1608,779,829,352,144,208,"21,9","18,5","25,1"
801904041,1338,633,705,368,143,225,"27,5","22,6","31,9"
801904042,1712,795,917,637,265,372,"37,2","33,3","40,6"
801904043,1627,724,903,654,279,375,"40,2","38,5","41,5"
801904044,1579,724,855,516,231,285,"32,7","31,9","33,3"
801904045,1370,637,733,450,186,264,"32,8","29,2",36
801904046,2431,1180,1251,926,415,511,"38,1","35,2","40,8"
801904047,1777,826,951,581,259,322,"32,7","31,4","33,9"
801904048,1510,689,821,519,210,309,"34,4","30,5","37,6"
801904049,1171,542,629,331,142,189,"28,3","26,2",30
801904050,2020,944,1076,663,300,363,"32,8","31,8","33,7"
801904051,1663,747,916,491,185,306,"29,5","24,8","33,4"
801904052,2186,989,1197,754,321,433,"34,5","32,5","36,2"
801904053,1668,805,863,385,157,228,"23,1","19,5","26,4"
801904054,1042,486,556,365,163,202,35,"33,5","36,3"
801904055,1496,730,766,448,207,241,"29,9","28,4","31,5"
801904056,1789,849,940,476,192,284,"26,6","22,6","30,2"
801904084,1388,635,753,508,204,304,"36,6","32,1","40,4"
801905001,1760,900,860,302,154,148,"17,2","17,1","17,2"
801905002,1560,763,797,416,192,224,"26,7","25,2","28,1"
801905003,1378,679,699,291,137,154,"21,1","20,2",22
801905004,1127,484,643,361,119,242,32,"24,6","37,6"
801905005,1216,599,617,322,126,196,"26,5",21,"31,8"
801905006,1808,899,909,472,212,260,"26,1","23,6","28,6"
801905007,1782,901,881,496,216,280,"27,8",24,"31,8"
801905008,1662,774,888,437,183,254,"26,3","23,6","28,6"
801905009,1679,763,916,460,179,281,"27,4","23,5","30,7"
801905010,1556,706,850,418,155,263,"26,9",22,"30,9"
801905011,1363,624,739,359,139,220,"26,3","22,3","29,8"
801905012,1359,623,736,333,137,196,"24,5",22,"26,6"
801905013,1656,792,864,424,184,240,"25,6","23,2","27,8"
801905014,1631,762,869,462,197,265,"28,3","25,9","30,5"
801905015,1591,721,870,380,161,219,"23,9","22,3","25,2"
801905016,1918,879,1039,448,164,284,"23,4","18,7","27,3"
801905017,1579,725,854,434,183,251,"27,5","25,2","29,4"
801905018,1257,566,691,369,136,233,"29,4",24,"33,7"
801905019,1717,793,924,482,202,280,"28,1","25,5","30,3"
801905020,1120,520,600,314,131,183,28,"25,2","30,5"
801905021,1315,602,713,334,147,187,"25,4","24,4","26,2"
801905022,1786,769,1017,553,187,366,31,"24,3",36
801905023,1482,667,815,394,157,237,"26,6","23,5","29,1"
801905024,1928,909,1019,554,236,318,"28,7",26,"31,2"
801905025,1286,600,686,349,146,203,"27,1","24,3","29,6"
801905026,1418,675,743,365,155,210,"25,7",23,"28,3"
801905027,1435,685,750,381,176,205,"26,6","25,7","27,3"
801905028,1692,851,841,394,174,220,"23,3","20,4","26,2"
801905029,1722,824,898,406,182,224,"23,6","22,1","24,9"
801905030,1407,649,758,373,163,210,"26,5","25,1","27,7"
801905031,1682,778,904,477,207,270,"28,4","26,6","29,9"
801905032,1858,848,1010,540,209,331,"29,1","24,6","32,8"
801905033,1393,653,740,350,153,197,"25,1","23,4","26,6"
801905034,1265,587,678,351,127,224,"27,7","21,6",33
801905035,1077,527,550,427,192,235,"39,6","36,4","42,7"
801905036,1756,821,935,485,222,263,"27,6",27,"28,1"
801905037,1438,617,821,402,158,244,28,"25,6","29,7"
801905038,1345,615,730,392,151,241,"29,1","24,6",33
801905039,1520,705,815,462,212,250,"30,4","30,1","30,7"
801905040,1424,631,793,353,140,213,"24,8","22,2","26,9"
801905041,1874,909,965,463,193,270,"24,7","21,2",28
801905042,1297,615,682,363,142,221,28,"23,1","32,4"
801905043,1451,660,791,361,142,219,"24,9","21,5","27,7"
801905044,1287,569,718,344,137,207,"26,7","24,1","28,8"
801905045,1600,728,872,407,167,240,"25,4","22,9","27,5"
801905046,1118,487,631,417,149,268,"37,3","30,6","42,5"
801905047,1254,560,694,315,116,199,"25,1","20,7","28,7"
801905048,1280,573,707,348,146,202,"27,2","25,5","28,6"
801905049,1656,736,920,459,196,263,"27,7","26,6","28,6"
801905050,1624,746,878,434,170,264,"26,7","22,8","30,1"
801905051,1637,756,881,448,182,266,"27,4","24,1","30,2"
801905052,1505,680,825,410,174,236,"27,2","25,6","28,6"
801905053,1489,710,779,440,195,245,"29,6","27,5","31,5"
801905054,1051,458,593,325,132,193,"30,9","28,8","32,5"
801905055,1464,671,793,431,173,258,"29,4","25,8","32,5"
801905056,1234,522,712,392,141,251,"31,8",27,"35,3"
801905057,1676,782,894,554,232,322,"33,1","29,7",36
801905058,1552,714,838,470,193,277,"30,3",27,"33,1"
801905059,1570,689,881,467,175,292,"29,7","25,4","33,1"
801905060,1145,510,635,320,128,192,"27,9","25,1","30,2"
801905061,1481,651,830,404,155,249,"27,3","23,8",30
801905062,1578,679,899,437,161,276,"27,7","23,7","30,7"
801905063,1574,724,850,446,181,265,"28,3",25,"31,2"
801905064,1576,688,888,433,162,271,"27,5","23,5","30,5"
801905065,1708,777,931,435,162,273,"25,5","20,8","29,3"
801905066,1293,569,724,393,164,229,"30,4","28,8","31,6"
801905067,1283,576,707,390,159,231,"30,4","27,6","32,7"
801905068,1504,694,810,392,154,238,"26,1","22,2","29,4"
801905069,1748,800,948,419,158,261,24,"19,8","27,5"
801905070,1443,633,810,414,141,273,"28,7","22,3","33,7"
801905071,1636,714,922,421,133,288,"25,7","18,6","31,2"
801905072,1723,763,960,500,186,314,29,"24,4","32,7"
801905073,1614,721,893,442,162,280,"27,4","22,5","31,4"
801905074,1678,769,909,495,203,292,"29,5","26,4","32,1"
801905075,1847,818,1029,498,188,310,27,23,"30,1"
801905076,1376,631,745,417,161,256,"30,3","25,5","34,4"
801905077,1505,679,826,383,131,252,"25,4","19,3","30,5"
801905078,2136,1001,1135,509,196,313,"23,8","19,6","27,6"
801905079,1282,590,692,339,123,216,"26,4","20,8","31,2"
801905080,1387,618,769,339,126,213,"24,4","20,4","27,7"
801905081,1565,700,865,409,163,246,"26,1","23,3","28,4"
801905082,1651,744,907,407,152,255,"24,7","20,4","28,1"
801905083,1286,577,709,383,151,232,"29,8","26,2","32,7"
801905084,1283,564,719,389,144,245,"30,3","25,5","34,1"
801905085,1324,613,711,318,137,181,24,"22,3","25,5"
801905086,1289,599,690,328,137,191,"25,4","22,9","27,7"
801905087,1530,684,846,402,142,260,"26,3","20,8","30,7"
801905088,1761,848,913,461,193,268,"26,2","22,8","29,4"
801905089,1722,831,891,487,214,273,"28,3","25,8","30,6"
801905090,1898,885,1013,495,198,297,"26,1","22,4","29,3"
801905091,1543,688,855,463,182,281,30,"26,5","32,9"
801905092,1563,731,832,455,193,262,"29,1","26,4","31,5"
801905093,1115,476,639,321,113,208,"28,8","23,7","32,6"
801905094,2669,1191,1478,713,281,432,"26,7","23,6","29,2"
801905095,1657,732,925,470,180,290,"28,4","24,6","31,4"
801905096,1128,499,629,294,118,176,"26,1","23,6",28
801905097,1641,779,862,392,166,226,"23,9","21,3","26,2"
801905098,1551,687,864,430,179,251,"27,7","26,1","29,1"
801906001,1154,497,657,320,93,227,"27,7","18,7","34,6"
801906002,1485,687,798,439,173,266,"29,6","25,2","33,3"
801906003,2287,1114,1173,588,248,340,"25,7","22,3",29
801906004,1422,697,725,410,176,234,"28,8","25,3","32,3"
801906006,1018,474,544,291,126,165,"28,6","26,6","30,3"
801906007,1958,907,1051,447,170,277,"22,8","18,7","26,4"
801906008,1960,876,1084,564,198,366,"28,8","22,6","33,8"
801906009,1199,552,647,317,134,183,"26,4","24,3","28,3"
801906010,1070,496,574,347,150,197,"32,4","30,2","34,3"
801906011,1290,607,683,420,160,260,"32,6","26,4","38,1"
801906012,1136,533,603,390,165,225,"34,3",31,"37,3"
801906013,1724,801,923,438,175,263,"25,4","21,8","28,5"
801906014,1380,624,756,449,182,267,"32,5","29,2","35,3"
801906015,1396,662,734,335,131,204,24,"19,8","27,8"
801906016,1594,739,855,355,143,212,"22,3","19,4","24,8"
801906017,1365,642,723,360,143,217,"26,4","22,3",30
801906018,1286,622,664,328,135,193,"25,5","21,7","29,1"
801906019,1515,698,817,407,156,251,"26,9","22,3","30,7"
801906020,1157,526,631,338,131,207,"29,2","24,9","32,8"
801906021,1366,632,734,429,176,253,"31,4","27,8","34,5"
801906022,1392,720,672,387,147,240,"27,8","20,4","35,7"
801906023,1334,609,725,522,208,314,"39,1","34,2","43,3"
801906024,1698,748,950,535,194,341,"31,5","25,9","35,9"
801906025,1423,655,768,457,170,287,"32,1",26,"37,4"
801906026,990,439,551,341,118,223,"34,4","26,9","40,5"
801906027,1186,516,670,364,137,227,"30,7","26,6","33,9"
801906028,1315,640,675,338,139,199,"25,7","21,7","29,5"
801906029,1274,596,678,417,158,259,"32,7","26,5","38,2"
801906030,1298,600,698,306,117,189,"23,6","19,5","27,1"
801906031,1097,500,597,278,111,167,"25,3","22,2",28
801906032,1185,538,647,301,127,174,"25,4","23,6","26,9"
801906033,1272,574,698,357,139,218,"28,1","24,2","31,2"
801906034,1247,561,686,332,116,216,"26,6","20,7","31,5"
801906035,1035,470,565,329,134,195,"31,8","28,5","34,5"
801906036,1486,647,839,482,155,327,"32,4",24,39
801906037,1102,524,578,293,121,172,"26,6","23,1","29,8"
801906038,1458,628,830,379,118,261,26,"18,8","31,4"
801906039,1607,715,892,329,125,204,"20,5","17,5","22,9"
801906040,1626,697,929,472,171,301,29,"24,5","32,4"
801906041,1773,788,985,421,159,262,"23,7","20,2","26,6"
801906042,1761,820,941,387,158,229,22,"19,3","24,3"
801906043,1259,582,677,284,111,173,"22,6","19,1","25,6"
801906044,1547,723,824,389,169,220,"25,1","23,4","26,7"
801906045,1272,569,703,252,102,150,"19,8","17,9","21,3"
801906046,1162,546,616,243,86,157,"20,9","15,8","25,5"
801906047,1263,557,706,247,94,153,"19,6","16,9","21,7"
801906048,1373,632,741,280,122,158,"20,4","19,3","21,3"
801906049,1183,547,636,257,104,153,"21,7",19,"24,1"
801906050,1261,585,676,266,112,154,"21,1","19,1","22,8"
801906051,1239,531,708,287,88,199,"23,2","16,6","28,1"
801906052,1520,689,831,355,138,217,"23,4",20,"26,1"
801906053,1500,679,821,361,149,212,"24,1","21,9","25,8"
801906054,1581,737,844,321,130,191,"20,3","17,6","22,6"
801906055,1435,628,807,368,132,236,"25,6",21,"29,2"
801906056,1526,697,829,272,105,167,"17,8","15,1","20,1"
801906057,1494,652,842,350,119,231,"23,4","18,3","27,4"
801906058,1671,743,928,363,143,220,"21,7","19,2","23,7"
801906059,1502,703,799,409,153,256,"27,2","21,8",32
801906060,1740,803,937,398,158,240,"22,9","19,7","25,6"
801906061,1304,614,690,342,132,210,"26,2","21,5","30,4"
801906062,1237,569,668,349,135,214,"28,2","23,7",32
801906063,1497,706,791,343,136,207,"22,9","19,3","26,2"
801906064,1864,845,1019,539,209,330,"28,9","24,7","32,4"
801906065,1185,537,648,360,153,207,"30,4","28,5","31,9"
801906066,981,421,560,293,112,181,"29,9","26,6","32,3"
801906067,1776,799,977,443,158,285,"24,9","19,8","29,2"
801906068,1574,708,866,403,157,246,"25,6","22,2","28,4"
801906069,1065,481,584,297,119,178,"27,9","24,7","30,5"
801906070,1857,832,1025,501,196,305,27,"23,6","29,8"
801906071,1084,497,587,311,130,181,"28,7","26,2","30,8"
801906072,1601,736,865,550,219,331,"34,4","29,8","38,3"
801906073,1341,610,731,451,184,267,"33,6","30,2","36,5"
801906074,1114,532,582,299,115,184,"26,8","21,6","31,6"
801906075,1077,501,576,396,171,225,"36,8","34,1","39,1"
801906076,1316,654,662,459,217,242,"34,9","33,2","36,6"
801906077,1201,519,682,280,103,177,"23,3","19,8",26
801906078,1344,625,719,290,109,181,"21,6","17,4","25,2"
801906079,1104,506,598,330,134,196,"29,9","26,5","32,8"
801906080,1179,551,628,385,159,226,"32,7","28,9",36
801906081,1313,589,724,375,149,226,"28,6","25,3","31,2"
801906082,2406,1165,1241,558,231,327,"23,2","19,8","26,3"
801906083,1720,820,900,568,235,333,33,"28,7",37
801906084,1488,676,812,389,147,242,"26,1","21,7","29,8"
801906085,1252,566,686,394,155,239,"31,5","27,4","34,8"
801906086,1002,479,523,342,149,193,"34,1","31,1","36,9"
801906087,1821,843,978,775,310,465,"42,6","36,8","47,5"
801906088,1246,554,692,383,146,237,"30,7","26,4","34,2"
801907001,1569,697,872,602,219,383,"38,4","31,4","43,9"
801907002,1148,515,633,372,138,234,"32,4","26,8",37
801907003,1325,608,717,359,151,208,"27,1","24,8",29
801907004,1534,714,820,434,170,264,"28,3","23,8","32,2"
801907005,1488,709,779,407,171,236,"27,4","24,1","30,3"
801907006,961,456,505,348,135,213,"36,2","29,6","42,2"
801907007,1422,635,787,518,178,340,"36,4",28,"43,2"
801907008,1472,678,794,581,227,354,"39,5","33,5","44,6"
801907009,1161,514,647,320,117,203,"27,6","22,8","31,4"
801907010,1313,623,690,353,151,202,"26,9","24,2","29,3"
801907011,1158,524,634,332,124,208,"28,7","23,7","32,8"
801907012,1566,722,844,458,182,276,"29,2","25,2","32,7"
801907013,1237,580,657,442,191,251,"35,7","32,9","38,2"
801907014,884,403,481,273,104,169,"30,9","25,8","35,1"
801907015,1349,642,707,439,187,252,"32,5","29,1","35,6"
801907016,1363,660,703,419,174,245,"30,7","26,4","34,9"
801907017,1729,780,949,472,161,311,"27,3","20,6","32,8"
801907018,1694,759,935,463,154,309,"27,3","20,3",33
801907019,1450,674,776,454,167,287,"31,3","24,8",37
801907020,1721,799,922,442,167,275,"25,7","20,9","29,8"
801907021,1038,503,535,355,156,199,"34,2",31,"37,2"
801907022,1146,540,606,348,138,210,"30,4","25,6","34,7"
801907023,1311,637,674,305,132,173,"23,3","20,7","25,7"
801907024,1453,679,774,390,155,235,"26,8","22,8","30,4"
801907025,1431,670,761,362,153,209,"25,3","22,8","27,5"
801907026,1098,506,592,383,149,234,"34,9","29,4","39,5"
801907027,2107,975,1132,508,195,313,"24,1",20,"27,7"
801907028,1481,719,762,326,144,182,22,20,"23,9"
801907029,1287,632,655,457,216,241,"35,5","34,2","36,8"
801907030,1411,635,776,406,167,239,"28,8","26,3","30,8"
801907031,1560,767,793,402,170,232,"25,8","22,2","29,3"
801907032,1438,707,731,381,166,215,"26,5","23,5","29,4"
801907033,1443,664,779,430,181,249,"29,8","27,3",32
801907034,1882,886,996,447,181,266,"23,8","20,4","26,7"
801907035,1764,814,950,502,207,295,"28,5","25,4","31,1"
801907036,1393,630,763,438,173,265,"31,4","27,5","34,7"
801907037,1485,675,810,456,189,267,"30,7",28,33
801907038,1270,590,680,416,173,243,"32,8","29,3","35,7"
801907039,1580,740,840,400,170,230,"25,3",23,"27,4"
801907040,1438,659,779,372,142,230,"25,9","21,5","29,5"
801907041,1381,637,744,337,123,214,"24,4","19,3","28,8"
801907042,1520,693,827,408,163,245,"26,8","23,5","29,6"
801907043,1412,650,762,403,171,232,"28,5","26,3","30,4"
801907044,1306,616,690,416,163,253,"31,9","26,5","36,7"
801907045,1552,747,805,416,178,238,"26,8","23,8","29,6"
801907046,1388,657,731,474,199,275,"34,1","30,3","37,6"
801907047,1496,716,780,415,174,241,"27,7","24,3","30,9"
801907048,1291,584,707,389,156,233,"30,1","26,7",33
801907049,1199,583,616,394,167,227,"32,9","28,6","36,9"
801907050,1191,566,625,296,121,175,"24,9","21,4",28
801907051,1772,806,966,447,168,279,"25,2","20,8","28,9"
801907052,1240,591,649,434,178,256,35,"30,1","39,4"
801907053,1479,692,787,433,186,247,"29,3","26,9","31,4"
801907054,1592,736,856,434,180,254,"27,3","24,5","29,7"
801907055,1185,544,641,401,174,227,"33,8",32,"35,4"
801907056,1176,576,600,349,153,196,"29,7","26,6","32,7"
801907057,1445,682,763,401,166,235,"27,8","24,3","30,8"
801907058,1364,666,698,419,190,229,"30,7","28,5","32,8"
801907059,1305,615,690,376,159,217,"28,8","25,9","31,4"
801907060,1863,903,960,491,212,279,"26,4","23,5","29,1"
801907061,1224,609,615,334,160,174,"27,3","26,3","28,3"
801907062,1332,626,706,314,129,185,"23,6","20,6","26,2"
801907063,1458,694,764,381,163,218,"26,1","23,5","28,5"
801907064,1648,785,863,464,182,282,"28,2","23,2","32,7"
801907065,1687,799,888,455,185,270,27,"23,2","30,4"
801907066,1818,865,953,477,201,276,"26,2","23,2",29
801907067,1516,700,816,376,159,217,"24,8","22,7","26,6"
801907068,1274,589,685,313,132,181,"24,6","22,4","26,4"
801907069,1377,666,711,408,175,233,"29,6","26,3","32,8"
801907070,1452,686,766,395,164,231,"27,2","23,9","30,2"
801907071,1354,633,721,451,187,264,"33,3","29,5","36,6"
801907072,1391,656,735,392,167,225,"28,2","25,5","30,6"
801907073,1145,505,640,391,147,244,"34,1","29,1","38,1"
801907074,1720,807,913,457,174,283,"26,6","21,6",31
801907075,1182,569,613,375,165,210,"31,7",29,"34,3"
801907076,1347,648,699,405,181,224,"30,1","27,9",32
801907077,1345,646,699,324,134,190,"24,1","20,7","27,2"
801907078,1388,671,717,357,160,197,"25,7","23,8","27,5"
801907079,1395,671,724,457,189,268,"32,8","28,2",37
801907080,1823,859,964,414,185,229,"22,7","21,5","23,8"
801907081,1960,946,1014,579,249,330,"29,5","26,3","32,5"
801907082,1288,621,667,315,139,176,"24,5","22,4","26,4"
801907083,1288,608,680,396,165,231,"30,7","27,1",34
801907084,1291,620,671,340,123,217,"26,3","19,8","32,3"
801907085,1278,619,659,320,133,187,25,"21,5","28,4"
801907086,1401,681,720,405,183,222,"28,9","26,9","30,8"
801907087,1608,753,855,469,184,285,"29,2","24,4","33,3"
801907088,1621,785,836,324,126,198,20,"16,1","23,7"
801907089,1360,602,758,469,186,283,"34,5","30,9","37,3"
801907090,1469,714,755,396,161,235,27,"22,5","31,1"
801907091,1187,547,640,350,134,216,"29,5","24,5","33,8"
801907092,1480,659,821,467,180,287,"31,6","27,3",35
801907093,1745,870,875,509,202,307,"29,2","23,2","35,1"
801907094,1215,547,668,402,148,254,"33,1","27,1",38
801907095,1564,729,835,427,166,261,"27,3","22,8","31,3"
801907096,1410,630,780,385,144,241,"27,3","22,9","30,9"
801907097,920,398,522,413,133,280,"44,9","33,4","53,6"
801907098,2133,987,1146,563,227,336,"26,4",23,"29,3"
801907099,1050,515,535,322,152,170,"30,7","29,5","31,8"
801907100,1194,558,636,485,203,282,"40,6","36,4","44,3"
801907101,1417,677,740,543,242,301,"38,3","35,7","40,7"
801907102,683,354,329,102,43,59,"14,9","12,1","17,9"
801907103,1545,721,824,382,158,224,"24,7","21,9","27,2"
801907104,1592,732,860,482,190,292,"30,3",26,34
801907105,1078,516,562,344,143,201,"31,9","27,7","35,8"
801907106,1190,540,650,413,150,263,"34,7","27,8","40,5"
801907107,1220,589,631,391,168,223,32,"28,5","35,3"
801907108,1227,580,647,385,165,220,"31,4","28,4",34
801907109,1591,766,825,540,233,307,"33,9","30,4","37,2"
801907110,1033,450,583,418,153,265,"40,5",34,"45,5"
801907111,896,396,500,377,143,234,"42,1","36,1","46,8"
801907112,1266,603,663,388,170,218,"30,6","28,2","32,9"
801907113,1204,578,626,278,106,172,"23,1","18,3","27,5"
801907114,1198,563,635,344,144,200,"28,7","25,6","31,5"
801907115,1063,492,571,335,132,203,"31,5","26,8","35,6"
801907116,1517,704,813,413,179,234,"27,2","25,4","28,8"
801907117,2054,1028,1026,389,180,209,"18,9","17,5","20,4"
801907118,1275,563,712,390,153,237,"30,6","27,2","33,3"
801907119,1225,561,664,323,123,200,"26,4","21,9","30,1"
801907120,1235,569,666,442,191,251,"35,8","33,6","37,7"
801907121,1172,517,655,389,149,240,"33,2","28,8","36,6"
801907122,1328,600,728,430,149,281,"32,4","24,8","38,6"
801907123,1431,691,740,432,174,258,"30,2","25,2","34,9"
801908001,1245,587,658,430,189,241,"34,5","32,2","36,6"
801908002,1257,592,665,407,176,231,"32,4","29,7","34,7"
801908003,1265,604,661,418,175,243,33,29,"36,8"
801908004,1433,649,784,436,176,260,"30,4","27,1","33,2"
801908005,1179,550,629,414,168,246,"35,1","30,5","39,1"
801908006,1519,721,798,427,183,244,"28,1","25,4","30,6"
801908007,1226,525,701,460,170,290,"37,5","32,4","41,4"
801908008,1616,758,858,517,211,306,32,"27,8","35,7"
801908009,1755,835,920,452,169,283,"25,8","20,2","30,8"
801908010,1079,485,594,323,129,194,"29,9","26,6","32,7"
801908011,1197,539,658,345,138,207,"28,8","25,6","31,5"
801908012,1331,580,751,374,133,241,"28,1","22,9","32,1"
801908013,1194,550,644,396,159,237,"33,2","28,9","36,8"
801908014,1259,587,672,333,118,215,"26,4","20,1",32
801908015,1429,621,808,394,144,250,"27,6","23,2","30,9"
801908016,1149,514,635,396,146,250,"34,5","28,4","39,4"
801908017,1324,624,700,469,195,274,"35,4","31,3","39,1"
801908018,1570,724,846,516,207,309,"32,9","28,6","36,5"
801908019,1778,818,960,492,185,307,"27,7","22,6",32
801908020,1373,628,745,390,148,242,"28,4","23,6","32,5"
801908021,1498,687,811,437,189,248,"29,2","27,5","30,6"
801908022,1250,573,677,408,177,231,"32,6","30,9","34,1"
801908023,1404,668,736,344,134,210,"24,5","20,1","28,5"
801908024,1391,644,747,423,174,249,"30,4",27,"33,3"
801908025,1231,533,698,367,145,222,"29,8","27,2","31,8"
801908026,1417,655,762,421,162,259,"29,7","24,7",34
801908027,1409,689,720,438,194,244,"31,1","28,2","33,9"
801908028,1084,484,600,387,159,228,"35,7","32,9",38
801908029,1541,718,823,396,171,225,"25,7","23,8","27,3"
801908030,1530,723,807,375,153,222,"24,5","21,2","27,5"
801908031,1310,614,696,462,196,266,"35,3","31,9","38,2"
801908032,1296,587,709,432,181,251,"33,3","30,8","35,4"
801908033,1451,677,774,413,169,244,"28,5",25,"31,5"
801908034,1238,526,712,407,148,259,"32,9","28,1","36,4"
801908035,2938,1486,1452,571,247,324,"19,4","16,6","22,3"
801908036,1528,705,823,426,179,247,"27,9","25,4",30
801908037,1557,695,862,483,192,291,31,"27,6","33,8"
801908038,1525,680,845,378,125,253,"24,8","18,4","29,9"
801908039,1516,698,818,442,176,266,"29,2","25,2","32,5"
801908040,1740,824,916,409,152,257,"23,5","18,4","28,1"
801908041,2444,1164,1280,421,168,253,"17,2","14,4","19,8"
801908042,1283,589,694,504,210,294,"39,3","35,7","42,4"
801908043,1132,487,645,399,151,248,"35,2",31,"38,4"
801908044,1374,635,739,366,145,221,"26,6","22,8","29,9"
801908045,1742,839,903,395,159,236,"22,7",19,"26,1"
801908046,1369,611,758,389,144,245,"28,4","23,6","32,3"
801908047,1585,732,853,387,137,250,"24,4","18,7","29,3"
801908048,1007,480,527,310,120,190,"30,8",25,"36,1"
801908049,1281,596,685,333,112,221,26,"18,8","32,3"
801908050,1438,664,774,537,238,299,"37,3","35,8","38,6"
801908051,1377,656,721,330,143,187,24,"21,8","25,9"
801908052,885,400,485,309,124,185,"34,9",31,"38,1"
801908053,1152,538,614,445,187,258,"38,6","34,8",42
801908054,1695,763,932,641,249,392,"37,8","32,6","42,1"
801908055,1849,871,978,808,346,462,"43,7","39,7","47,2"
801908056,1500,697,803,483,180,303,"32,2","25,8","37,7"
801908057,1326,610,716,446,165,281,"33,6",27,"39,2"
801908058,1631,738,893,498,191,307,"30,5","25,9","34,4"
801908059,993,460,533,286,120,166,"28,8","26,1","31,1"
801908060,1189,549,640,468,191,277,"39,4","34,8","43,3"
801908061,1627,796,831,532,235,297,"32,7","29,5","35,7"
801908062,1166,547,619,439,193,246,"37,7","35,3","39,7"
801908063,1096,530,566,522,237,285,"47,6","44,7","50,4"
801908064,1801,847,954,545,224,321,"30,3","26,4","33,6"
801908065,1745,894,851,310,141,169,"17,8","15,8","19,9"
801908066,1613,786,827,304,141,163,"18,8","17,9","19,7"
801908067,1779,878,901,428,185,243,"24,1","21,1",27
801908068,1939,901,1038,447,181,266,"23,1","20,1","25,6"
801908069,1515,724,791,379,168,211,25,"23,2","26,7"
801908070,1486,679,807,341,146,195,"22,9","21,5","24,2"
801908071,1695,826,869,428,186,242,"25,3","22,5","27,8"
801908072,1206,568,638,369,162,207,"30,6","28,5","32,4"
801908073,1683,787,896,389,163,226,"23,1","20,7","25,2"
801908074,1495,719,776,326,134,192,"21,8","18,6","24,7"
801908075,1899,880,1019,492,217,275,"25,9","24,7",27
801908076,1572,719,853,541,231,310,"34,4","32,1","36,3"
801908077,1385,639,746,361,143,218,"26,1","22,4","29,2"
801908078,1546,725,821,389,158,231,"25,2","21,8","28,1"
801908079,1423,667,756,336,129,207,"23,6","19,3","27,4"
801908080,1476,710,766,420,181,239,"28,5","25,5","31,2"
801908081,1661,799,862,341,143,198,"20,5","17,9",23
801908082,1569,702,867,456,177,279,"29,1","25,2","32,2"
801908083,1284,584,700,364,150,214,"28,3","25,7","30,6"
801908084,1169,535,634,373,152,221,"31,9","28,4","34,9"
801908085,1468,715,753,346,153,193,"23,6","21,4","25,6"
801908086,1699,796,903,482,206,276,"28,4","25,9","30,6"
801908087,1234,576,658,401,172,229,"32,5","29,9","34,8"
801908088,1282,597,685,345,145,200,"26,9","24,3","29,2"
801908089,1260,587,673,335,143,192,"26,6","24,4","28,5"
801908090,1229,566,663,378,147,231,"30,8",26,"34,8"
801908091,1226,586,640,408,173,235,"33,3","29,5","36,7"
801908092,992,479,513,384,161,223,"38,7","33,6","43,5"
801908093,1291,635,656,363,155,208,"28,1","24,4","31,7"
801908094,1467,693,774,604,267,337,"41,2","38,5","43,5"
801908095,1068,509,559,406,174,232,38,"34,2","41,5"
801908096,1527,737,790,392,176,216,"25,7","23,9","27,3"
801908097,1364,653,711,347,151,196,"25,4","23,1","27,6"
801908098,1291,612,679,336,147,189,26,24,"27,8"
801908099,1386,688,698,323,143,180,"23,3","20,8","25,8"
801908100,1276,566,710,353,144,209,"27,7","25,4","29,4"
801908101,1747,807,940,581,249,332,"33,3","30,9","35,3"
801908102,1525,672,853,513,180,333,"33,6","26,8",39
801908103,1681,831,850,322,145,177,"19,2","17,4","20,8"
801908104,1297,617,680,330,108,222,"25,4","17,5","32,6"
801908105,1501,709,792,386,151,235,"25,7","21,3","29,7"
801908106,1265,608,657,283,105,178,"22,4","17,3","27,1"
801908107,1847,866,981,486,201,285,"26,3","23,2","29,1"
801908108,1927,957,970,299,137,162,"15,5","14,3","16,7"
801908109,987,507,480,217,95,122,22,"18,7","25,4"
801908110,1926,948,978,334,130,204,"17,3","13,7","20,9"
801908111,1693,801,892,358,148,210,"21,1","18,5","23,5"
801908112,1752,866,886,382,161,221,"21,8","18,6","24,9"
801908113,1807,882,925,398,167,231,22,"18,9",25
801908114,1910,934,976,452,191,261,"23,7","20,4","26,7"
801908115,1710,818,892,387,163,224,"22,6","19,9","25,1"
801908116,1405,682,723,314,121,193,"22,3","17,7","26,7"
801908215,1515,655,860,403,162,241,"26,6","24,7",28
801909001,2644,1388,1256,413,186,227,"15,6","13,4","18,1"
801909002,2158,1106,1052,407,183,224,"18,9","16,5","21,3"
801909003,2192,1129,1063,468,189,279,"21,4","16,7","26,2"
801909004,1679,827,852,376,166,210,"22,4","20,1","24,6"
801909005,1612,797,815,333,138,195,"20,7","17,3","23,9"
801909006,1274,634,640,311,134,177,"24,4","21,1","27,7"
801909007,1323,629,694,270,115,155,"20,4","18,3","22,3"
801909008,1905,966,939,144,76,68,"7,6","7,9","7,2"
801909009,1440,700,740,397,166,231,"27,6","23,7","31,2"
801909010,1833,880,953,583,258,325,"31,8","29,3","34,1"
801909011,1725,832,893,467,191,276,"27,1",23,"30,9"
801909013,1950,921,1029,395,139,256,"20,3","15,1","24,9"
801909014,2393,1244,1149,457,217,240,"19,1","17,4","20,9"
801909015,1838,899,939,386,155,231,21,"17,2","24,6"
801909016,1368,637,731,433,198,235,"31,7","31,1","32,1"
801909017,1539,744,795,358,154,204,"23,3","20,7","25,7"
801909018,1466,704,762,446,192,254,"30,4","27,3","33,3"
801909019,2666,1313,1353,688,323,365,"25,8","24,6",27
801909020,1136,514,622,404,164,240,"35,6","31,9","38,6"
801909021,1411,670,741,444,198,246,"31,5","29,6","33,2"
801909022,1251,598,653,374,164,210,"29,9","27,4","32,2"
801909023,1218,597,621,320,145,175,"26,3","24,3","28,2"
801909024,1154,514,640,367,144,223,"31,8",28,"34,8"
801909025,1219,560,659,324,129,195,"26,6",23,"29,6"
801909026,1568,748,820,511,219,292,"32,6","29,3","35,6"
801909027,1291,621,670,477,212,265,"36,9","34,1","39,6"
801909028,1620,793,827,257,117,140,"15,9","14,8","16,9"
801909029,1127,543,584,375,164,211,"33,3","30,2","36,1"
801909030,1492,701,791,350,143,207,"23,5","20,4","26,2"
801909031,1185,574,611,252,99,153,"21,3","17,2",25
801909032,2198,1031,1167,365,147,218,"16,6","14,3","18,7"
801909033,3194,1555,1639,833,381,452,"26,1","24,5","27,6"
801909034,1426,661,765,503,214,289,"35,3","32,4","37,8"
801909035,1516,707,809,482,207,275,"31,8","29,3",34
801909036,1389,641,748,499,225,274,"35,9","35,1","36,6"
801909037,1472,708,764,424,171,253,"28,8","24,2","33,1"
801909038,1655,764,891,477,197,280,"28,8","25,8","31,4"
801909039,1538,736,802,458,200,258,"29,8","27,2","32,2"
801909040,1574,728,846,392,158,234,"24,9","21,7","27,7"
801909041,1401,633,768,419,174,245,"29,9","27,5","31,9"
801909042,1246,573,673,379,144,235,"30,4","25,1","34,9"
801909043,1325,609,716,398,172,226,30,"28,2","31,6"
801909044,1457,707,750,401,181,220,"27,5","25,6","29,3"
801909045,1451,677,774,437,186,251,"30,1","27,5","32,4"
801909046,1321,631,690,438,179,259,"33,2","28,4","37,5"
801909047,1568,741,827,409,172,237,"26,1","23,2","28,7"
801909048,1395,655,740,459,189,270,"32,9","28,9","36,5"
801909049,1300,588,712,408,170,238,"31,4","28,9","33,4"
801909050,1589,760,829,472,204,268,"29,7","26,8","32,3"
801909051,1226,589,637,364,141,223,"29,7","23,9",35
801909052,1181,552,629,380,158,222,"32,2","28,6","35,3"
801909053,1587,731,856,510,224,286,"32,1","30,6","33,4"
801909054,1123,518,605,397,157,240,"35,4","30,3","39,7"
801909055,1727,805,922,635,261,374,"36,8","32,4","40,6"
801909056,1146,527,619,497,218,279,"43,4","41,4","45,1"
801909057,1599,767,832,473,198,275,"29,6","25,8","33,1"
801909058,1501,683,818,325,135,190,"21,7","19,8","23,2"
801909059,1443,706,737,425,174,251,"29,5","24,6","34,1"
801909060,1321,601,720,413,176,237,"31,3","29,3","32,9"
801909061,1689,807,882,438,193,245,"25,9","23,9","27,8"
801909062,1162,559,603,278,121,157,"23,9","21,6",26
801909063,1152,557,595,307,144,163,"26,6","25,9","27,4"
801909064,1206,575,631,401,178,223,"33,3",31,"35,3"
801909065,2103,970,1133,662,289,373,"31,5","29,8","32,9"
801909066,1442,699,743,422,182,240,"29,3",26,"32,3"
801909067,1488,674,814,442,181,261,"29,7","26,9","32,1"
801909068,1559,767,792,454,193,261,"29,1","25,2",33
801909069,909,400,509,318,108,210,35,27,"41,3"
801909070,1713,754,959,543,236,307,"31,7","31,3",32
801909071,1892,859,1033,621,253,368,"32,8","29,5","35,6"
801909072,1515,690,825,427,166,261,"28,2","24,1","31,6"
801909073,1532,729,803,538,240,298,"35,1","32,9","37,1"
801909074,1624,753,871,469,184,285,"28,9","24,4","32,7"
801909075,1567,752,815,439,182,257,28,"24,2","31,5"
801909076,1453,657,796,407,147,260,28,"22,4","32,7"
801909077,1604,713,891,491,184,307,"30,6","25,8","34,5"
801909078,1486,689,797,385,165,220,"25,9","23,9","27,6"
801909079,1643,767,876,471,192,279,"28,7",25,"31,8"
801909080,1356,668,688,423,185,238,"31,2","27,7","34,6"
801909081,1745,785,960,456,195,261,"26,1","24,8","27,2"
801909082,2005,940,1065,445,168,277,"22,2","17,9",26
801909083,1605,742,863,490,199,291,"30,5","26,8","33,7"
801909084,1770,859,911,490,199,291,"27,7","23,2","31,9"
801909085,1723,795,928,486,198,288,"28,2","24,9",31
801909086,1445,665,780,421,170,251,"29,1","25,6","32,2"
801909087,1311,620,691,445,185,260,"33,9","29,8","37,6"
801909088,1911,846,1065,618,225,393,"32,3","26,6","36,9"
801909089,1497,677,820,493,183,310,"32,9",27,"37,8"
801909090,1609,742,867,524,220,304,"32,6","29,6","35,1"
801909091,1876,887,989,575,244,331,"30,7","27,5","33,5"
801909092,1958,931,1027,597,260,337,"30,5","27,9","32,8"
801909093,1329,619,710,417,172,245,"31,4","27,8","34,5"
801909094,2066,995,1071,558,230,328,27,"23,1","30,6"
801909095,2076,983,1093,550,222,328,"26,5","22,6",30
801909156,1254,596,658,523,222,301,"41,7","37,2","45,7"
801910001,1598,767,831,471,205,266,"29,5","26,7",32
801910002,1790,877,913,421,183,238,"23,5","20,9","26,1"
801910003,1591,759,832,410,165,245,"25,8","21,7","29,4"
801910004,1564,722,842,488,208,280,"31,2","28,8","33,3"
801910005,1669,760,909,584,239,345,35,"31,4",38
801910006,1793,834,959,521,198,323,"29,1","23,7","33,7"
801910007,1309,631,678,483,219,264,"36,9","34,7","38,9"
801910008,1703,773,930,554,223,331,"32,5","28,8","35,6"
801910009,1566,715,851,475,189,286,"30,3","26,4","33,6"
801910010,1732,799,933,474,190,284,"27,4","23,8","30,4"
801910011,1191,547,644,352,146,206,"29,6","26,7",32
801910012,1822,847,975,563,242,321,"30,9","28,6","32,9"
801910013,1431,651,780,389,153,236,"27,2","23,5","30,3"
801910014,1456,691,765,414,165,249,"28,4","23,9","32,5"
801910015,1887,905,982,544,219,325,"28,8","24,2","33,1"
801910016,1260,614,646,402,160,242,"31,9","26,1","37,5"
801910017,1711,795,916,564,239,325,33,"30,1","35,5"
801910018,1453,691,762,338,129,209,"23,3","18,7","27,4"
801910019,1608,769,839,515,215,300,32,28,"35,8"
801910020,1479,704,775,487,207,280,"32,9","29,4","36,1"
801910021,1369,658,711,381,164,217,"27,8","24,9","30,5"
801910022,1344,608,736,311,117,194,"23,1","19,2","26,4"
801910023,1481,672,809,425,172,253,"28,7","25,6","31,3"
801910024,1497,719,778,352,143,209,"23,5","19,9","26,9"
801910025,1359,612,747,352,124,228,"25,9","20,3","30,5"
801910026,1529,727,802,354,140,214,"23,2","19,3","26,7"
801910027,1508,718,790,453,197,256,30,"27,4","32,4"
801910028,1841,878,963,456,197,259,"24,8","22,4","26,9"
801910029,1497,705,792,416,166,250,"27,8","23,5","31,6"
801910030,1788,840,948,581,255,326,"32,5","30,4","34,4"
801910031,1585,782,803,431,192,239,"27,2","24,6","29,8"
801910032,1415,682,733,307,142,165,"21,7","20,8","22,5"
801910033,886,397,489,391,157,234,"44,1","39,5","47,9"
801910034,1702,821,881,608,270,338,"35,7","32,9","38,4"
801910035,2004,980,1024,446,197,249,"22,3","20,1","24,3"
801910036,1447,731,716,203,90,113,14,"12,3","15,8"
801910037,1081,510,571,263,108,155,"24,3","21,2","27,1"
801910038,1616,765,851,407,168,239,"25,2",22,"28,1"
801910039,1818,854,964,383,150,233,"21,1","17,6","24,2"
801910040,1839,892,947,521,219,302,"28,3","24,6","31,9"
801910041,1643,801,842,469,198,271,"28,5","24,7","32,2"
801910042,2837,1338,1499,514,202,312,"18,1","15,1","20,8"
801910043,2197,1116,1081,299,122,177,"13,6","10,9","16,4"
801910044,1569,745,824,515,218,297,"32,8","29,3",36
801910045,1279,608,671,369,147,222,"28,9","24,2","33,1"
801910046,1212,582,630,441,190,251,"36,4","32,6","39,8"
801910047,1818,866,952,564,250,314,31,"28,9",33
801910048,1689,834,855,409,173,236,"24,2","20,7","27,6"
801910049,1269,622,647,417,195,222,"32,9","31,4","34,3"
801910050,1591,744,847,496,210,286,"31,2","28,2","33,8"
801910051,1585,750,835,394,166,228,"24,9","22,1","27,3"
801910052,2408,1203,1205,389,210,179,"16,2","17,5","14,9"
801910053,1715,847,868,443,216,227,"25,8","25,5","26,2"
801910054,975,463,512,204,87,117,"20,9","18,8","22,9"
801910055,2578,1269,1309,649,332,317,"25,2","26,2","24,2"
801910056,1911,929,982,293,123,170,"15,3","13,2","17,3"
801910057,1396,687,709,301,123,178,"21,6","17,9","25,1"
801910058,1153,569,584,245,93,152,"21,2","16,3",26
801910059,1687,788,899,366,147,219,"21,7","18,7","24,4"
801910060,1634,807,827,260,111,149,"15,9","13,8",18
801910061,1781,851,930,528,227,301,"29,6","26,7","32,4"
801910062,1506,721,785,357,150,207,"23,7","20,8","26,4"
801910063,1214,582,632,386,166,220,"31,8","28,5","34,8"
801910064,1699,824,875,364,151,213,"21,4","18,3","24,3"
801910065,1605,779,826,365,156,209,"22,7",20,"25,3"
801910066,2111,1043,1068,420,182,238,"19,9","17,4","22,3"
801910067,1924,930,994,230,91,139,12,"9,8",14
801910068,1603,787,816,240,106,134,15,"13,5","16,4"
801910069,2540,1215,1325,443,164,279,"17,4","13,5","21,1"
801910070,1659,768,891,358,151,207,"21,6","19,7","23,2"
801910071,1784,876,908,421,182,239,"23,6","20,8","26,3"
801910072,2011,988,1023,411,177,234,"20,4","17,9","22,9"
801910073,1476,704,772,482,204,278,"32,7",29,36
801910074,1687,798,889,386,159,227,"22,9","19,9","25,5"
801910075,1480,721,759,389,182,207,"26,3","25,2","27,3"
801910076,2215,1080,1135,156,62,94,7,"5,7","8,3"
801910077,1818,925,893,256,125,131,"14,1","13,5","14,7"
801910078,2408,1192,1216,331,161,170,"13,7","13,5",14
801910079,1794,871,923,434,185,249,"24,2","21,2",27
801910080,2257,1128,1129,307,156,151,"13,6","13,8","13,4"
801910081,1992,999,993,426,183,243,"21,4","18,3","24,5"
801910082,2057,1072,985,302,115,187,"14,7","10,7",19
801910083,2256,1279,977,314,129,185,"13,9","10,1","18,9"
801910084,1701,848,853,348,136,212,"20,5",16,"24,9"
801910085,2090,1071,1019,385,153,232,"18,4","14,3","22,8"
801910086,1996,987,1009,434,173,261,"21,7","17,5","25,9"
801910087,1811,882,929,444,169,275,"24,5","19,2","29,6"
801910088,1688,824,864,485,230,255,"28,7","27,9","29,5"
801910089,3096,1744,1352,471,221,250,"15,2","12,7","18,5"
801910090,1465,710,755,362,154,208,"24,7","21,7","27,5"
801910091,1978,960,1018,584,248,336,"29,5","25,8",33
801910092,1473,688,785,625,284,341,"42,4","41,3","43,4"
801910093,1070,529,541,458,222,236,"42,8",42,"43,6"
801910094,2930,1438,1492,321,140,181,11,"9,7","12,1"
801910095,1298,656,642,253,102,151,"19,5","15,5","23,5"
801910096,1656,772,884,299,127,172,"18,1","16,5","19,5"
801910097,1606,758,848,353,144,209,22,19,"24,6"
801910098,1834,875,959,426,206,220,"23,2","23,5","22,9"
801910099,1144,542,602,268,101,167,"23,4","18,6","27,7"
801910100,1669,769,900,446,170,276,"26,7","22,1","30,7"
801910101,1628,827,801,289,121,168,"17,8","14,6",21
801910102,2601,1226,1375,773,325,448,"29,7","26,5","32,6"
801910103,2209,1046,1163,782,343,439,"35,4","32,8","37,7"
801910104,1575,748,827,475,247,228,"30,2",33,"27,6"
801910105,2278,1049,1229,595,242,353,"26,1","23,1","28,7"
801910106,1008,476,532,347,137,210,"34,4","28,8","39,5"
801910107,1560,756,804,393,179,214,"25,2","23,7","26,6"
801910108,1312,606,706,519,208,311,"39,6","34,3","44,1"
801910109,1557,730,827,523,208,315,"33,6","28,5","38,1"
801910110,1672,744,928,500,183,317,"29,9","24,6","34,2"
801910111,1276,597,679,429,172,257,"33,6","28,8","37,8"
801910112,1524,739,785,622,290,332,"40,8","39,2","42,3"
801910113,1205,575,630,270,108,162,"22,4","18,8","25,7"
801910114,1430,685,745,357,135,222,25,"19,7","29,8"
801910115,1382,656,726,439,176,263,"31,8","26,8","36,2"
801910116,1865,861,1004,580,229,351,"31,1","26,6",35
801910117,1257,591,666,460,184,276,"36,6","31,1","41,4"
801910118,1005,468,537,373,151,222,"37,1","32,3","41,3"
801910119,1164,530,634,376,149,227,"32,3","28,1","35,8"
801910120,1473,660,813,430,154,276,"29,2","23,3","33,9"
801910121,1596,775,821,423,169,254,"26,5","21,8","30,9"
801910122,1497,719,778,549,244,305,"36,7","33,9","39,2"
801910123,1370,668,702,446,195,251,"32,6","29,2","35,8"
801910124,1103,533,570,367,172,195,"33,3","32,3","34,2"
801910125,1100,530,570,414,177,237,"37,6","33,4","41,6"
801910126,1000,483,517,370,173,197,37,"35,8","38,1"
801910127,1027,504,523,229,107,122,"22,3","21,2","23,3"
801910128,1577,732,845,579,256,323,"36,7",35,"38,2"
801910129,1180,586,594,379,179,200,"32,1","30,5","33,7"
801910130,1218,568,650,403,169,234,"33,1","29,8",36
801910131,1165,544,621,418,185,233,"35,9",34,"37,5"
801910132,1268,591,677,423,180,243,"33,4","30,5","35,9"
801910133,1665,770,895,623,267,356,"37,4","34,7","39,8"
801910134,1534,681,853,559,212,347,"36,4","31,1","40,7"
801910135,1271,601,670,411,181,230,"32,3","30,1","34,3"
801910136,1320,620,700,539,235,304,"40,8","37,9","43,4"
801910137,1566,763,803,510,223,287,"32,6","29,2","35,7"
801910138,1601,766,835,378,154,224,"23,6","20,1","26,8"
801910139,1661,809,852,493,212,281,"29,7","26,2",33
801910140,1641,809,832,456,193,263,"27,8","23,9","31,6"
801910141,1113,533,580,351,137,214,"31,5","25,7","36,9"
801910142,1639,775,864,438,165,273,"26,7","21,3","31,6"
801910143,1772,847,925,513,200,313,29,"23,6","33,8"
801910234,1842,848,994,614,268,346,"33,3","31,6","34,8"
801910235,1345,631,714,456,197,259,"33,9","31,2","36,3"
801910236,1664,790,874,666,284,382,40,"35,9","43,7"
801910237,852,391,461,271,101,170,"31,8","25,8","36,9"